epoch accuracy testloss trainloss
1 45.63 0.01519 0.01323
2 61.64 0.01110 0.00938
3 64.13 0.01038 0.00746
4 71.25 0.00845 0.00636
5 71.94 0.00863 0.00537
6 77.22 0.00655 0.00476
7 76.50 0.00703 0.00441
8 80.13 0.00600 0.00421
9 81.93 0.00547 0.00402
10 81.43 0.00571 0.00388
11 78.48 0.00666 0.00376
12 79.97 0.00598 0.00367
13 79.81 0.00610 0.00356
14 82.85 0.00508 0.00356
15 81.38 0.00547 0.00345
16 82.86 0.00497 0.00343
17 85.86 0.00430 0.00338
18 80.92 0.00578 0.00332
19 78.39 0.00653 0.00328
20 80.10 0.00608 0.00322
21 80.17 0.00612 0.00324
22 81.11 0.00588 0.00321
23 82.77 0.00522 0.00316
24 85.76 0.00428 0.00315
25 80.50 0.00596 0.00311
26 82.74 0.00501 0.00308
27 81.99 0.00561 0.00306
28 85.26 0.00441 0.00302
29 82.49 0.00536 0.00305
30 84.75 0.00454 0.00299
31 79.49 0.00658 0.00298
32 79.41 0.00660 0.00299
33 85.77 0.00421 0.00294
34 85.89 0.00424 0.00297
35 87.07 0.00382 0.00297
36 84.85 0.00450 0.00293
37 81.31 0.00567 0.00292
38 83.51 0.00492 0.00293
39 83.75 0.00487 0.00292
40 82.48 0.00528 0.00288
41 83.32 0.00498 0.00286
42 79.83 0.00626 0.00288
43 84.47 0.00455 0.00284
44 83.81 0.00482 0.00291
45 84.48 0.00444 0.00282
46 83.98 0.00481 0.00282
47 83.72 0.00470 0.00286
48 82.52 0.00533 0.00281
49 87.57 0.00365 0.00284
50 87.98 0.00360 0.00281
51 82.40 0.00552 0.00284
52 84.18 0.00482 0.00280
53 84.56 0.00475 0.00281
54 83.00 0.00491 0.00283
55 84.37 0.00476 0.00279
56 84.12 0.00486 0.00281
57 80.31 0.00597 0.00281
58 82.83 0.00532 0.00282
59 84.97 0.00450 0.00281
60 84.46 0.00474 0.00280
61 85.79 0.00422 0.00280
62 84.22 0.00469 0.00278
63 85.29 0.00450 0.00277
64 86.22 0.00417 0.00279
65 84.54 0.00461 0.00276
66 87.11 0.00382 0.00277
67 81.49 0.00596 0.00279
68 83.10 0.00520 0.00272
69 82.16 0.00549 0.00275
70 82.23 0.00569 0.00277
71 86.70 0.00408 0.00275
72 81.87 0.00564 0.00274
73 84.50 0.00480 0.00276
74 85.50 0.00432 0.00275
75 86.08 0.00432 0.00276
76 87.67 0.00366 0.00271
77 81.84 0.00530 0.00276
78 82.24 0.00540 0.00279
79 85.52 0.00438 0.00274
80 76.24 0.00758 0.00272
81 85.57 0.00439 0.00273
82 84.03 0.00485 0.00269
83 85.73 0.00422 0.00272
84 86.28 0.00398 0.00275
85 84.11 0.00473 0.00271
86 82.34 0.00530 0.00272
87 84.33 0.00466 0.00275
88 83.06 0.00495 0.00268
89 84.28 0.00467 0.00276
90 85.13 0.00435 0.00272
91 79.19 0.00654 0.00269
92 81.31 0.00607 0.00274
93 84.25 0.00479 0.00273
94 87.00 0.00385 0.00269
95 85.60 0.00430 0.00270
96 85.35 0.00442 0.00272
97 81.78 0.00585 0.00271
98 85.21 0.00440 0.00275
99 86.91 0.00390 0.00267
100 85.98 0.00425 0.00273
101 93.39 0.00192 0.00156
102 93.80 0.00184 0.00114
103 93.97 0.00175 0.00100
104 94.17 0.00176 0.00094
105 94.08 0.00172 0.00084
106 94.45 0.00168 0.00077
107 94.31 0.00172 0.00071
108 93.97 0.00189 0.00070
109 94.13 0.00183 0.00064
110 94.19 0.00183 0.00062
111 94.07 0.00190 0.00062
112 93.95 0.00193 0.00055
113 93.96 0.00198 0.00055
114 93.95 0.00195 0.00053
115 94.41 0.00184 0.00052
116 93.90 0.00203 0.00050
117 94.04 0.00195 0.00046
118 93.91 0.00200 0.00048
119 93.64 0.00206 0.00047
120 93.90 0.00210 0.00050
121 93.92 0.00201 0.00050
122 93.59 0.00213 0.00048
123 93.58 0.00218 0.00047
124 94.18 0.00201 0.00047
125 93.41 0.00210 0.00049
126 93.63 0.00216 0.00047
127 93.86 0.00207 0.00049
128 93.75 0.00205 0.00050
129 93.34 0.00222 0.00048
130 93.32 0.00228 0.00045
131 93.34 0.00221 0.00050
132 93.43 0.00215 0.00051
133 93.71 0.00213 0.00049
134 93.76 0.00214 0.00051
135 92.90 0.00249 0.00049
136 93.12 0.00239 0.00053
137 93.22 0.00230 0.00051
138 93.40 0.00220 0.00052
139 93.44 0.00223 0.00055
140 92.90 0.00225 0.00050
141 93.42 0.00217 0.00051
142 92.55 0.00250 0.00053
143 93.33 0.00224 0.00054
144 93.38 0.00214 0.00054
145 93.06 0.00231 0.00051
146 93.25 0.00229 0.00050
147 93.12 0.00220 0.00054
148 93.37 0.00226 0.00051
149 92.52 0.00250 0.00054
150 92.73 0.00246 0.00052
151 94.87 0.00173 0.00029
152 94.96 0.00172 0.00017
153 95.15 0.00170 0.00015
154 94.99 0.00170 0.00014
155 95.17 0.00169 0.00013
156 95.25 0.00169 0.00011
157 95.08 0.00171 0.00010
158 95.16 0.00171 0.00010
159 95.16 0.00171 0.00010
160 95.09 0.00172 0.00009
161 95.19 0.00167 0.00009
162 95.09 0.00171 0.00008
163 95.09 0.00169 0.00007
164 95.06 0.00172 0.00008
165 95.12 0.00171 0.00007
166 95.14 0.00170 0.00008
167 95.05 0.00173 0.00007
168 95.14 0.00171 0.00006
169 95.17 0.00173 0.00006
170 95.15 0.00173 0.00007
171 95.16 0.00172 0.00006
172 95.08 0.00174 0.00006
173 95.09 0.00171 0.00006
174 95.24 0.00174 0.00006
175 95.17 0.00172 0.00006
176 95.07 0.00172 0.00006
177 95.05 0.00172 0.00006
178 95.09 0.00173 0.00006
179 95.10 0.00169 0.00005
180 95.14 0.00172 0.00005
181 95.30 0.00170 0.00005
182 95.13 0.00174 0.00005
183 95.05 0.00174 0.00005
184 95.10 0.00174 0.00005
185 95.16 0.00175 0.00005
186 95.08 0.00174 0.00005
187 95.00 0.00178 0.00005
188 95.03 0.00177 0.00005
189 95.09 0.00174 0.00005
190 95.14 0.00176 0.00005
191 95.21 0.00174 0.00004
192 95.10 0.00172 0.00005
193 95.20 0.00176 0.00005
194 95.13 0.00175 0.00004
195 95.11 0.00177 0.00004
196 95.15 0.00175 0.00004
197 95.01 0.00179 0.00005
198 95.17 0.00177 0.00004
199 95.22 0.00177 0.00004
200 95.09 0.00178 0.00004
